          0         1   2         3        4         5         6   ...  51        52        53  54  55  56        57
0   0.000000  0.000000   0  0.000000  0.00000  0.000000  0.000000  ...   0  0.000000  0.000000   0   0   0  0.000000
1   0.000000  0.000000   0  0.000000  0.00000  0.000000  0.000000  ...   0  0.000000  0.972701   0   0   0  0.000000
2   0.000000  0.000000   0  0.000000  0.00000  0.000000  0.000000  ...   0  0.000000  0.000000   0   0   0  0.000000
3   0.000000  0.000000   0  0.000000  0.00000  0.000000  0.000000  ...   0  0.000000  0.000000   0   0   0  0.000000
4   0.000000  0.994219   0  0.000000  0.00000  0.000000  0.000000  ...   0  0.000000  0.000000   0   0   0  0.000000
5   0.000000  0.000000   0  0.000000  0.00000  0.000000  0.000000  ...   0  0.000000  0.000000   0   0   0  0.000000
6   0.000000  0.000000   0  0.000000  0.00000  0.000000  0.000000  ...   0  0.000000  0.000000   0   0   0  0.000000
7   0.000000  0.000000   0  0.000000  0.00000  0.000000  0.000000  ...   0  0.000000  0.000000   0   0   0  0.000000
8   0.000000  0.036817   0  0.000000  0.00000  0.000000  0.000000  ...   0  0.000000  0.000000   0   0   0  0.000000
9   0.000000  0.000000   0  0.000000  0.00000  0.000000  0.000000  ...   0  0.000000  0.000000   0   0   0  0.985547
10  0.000000  0.000000   0  0.000000  0.00000  0.000000  0.000000  ...   0  0.000000  0.000000   0   0   0  0.000000
11  0.000000  0.000000   0  0.000000  0.00000  0.000000  0.000000  ...   0  0.000000  0.000000   0   0   0  0.000000
12  0.000000  0.000000   0  0.652116  0.00000  0.000000  0.000000  ...   0  0.000000  0.000000   0   0   0  0.000000
13  0.000000  0.000000   0  0.000000  0.00000  0.000000  0.000000  ...   0  0.000000  0.000000   0   0   0  0.000000
14  0.000000  0.000000   0  0.000000  0.00000  0.000000  0.000000  ...   0  0.000000  0.000000   0   0   0  0.000000
15  0.000000  0.000000   0  0.000000  0.00000  0.000000  0.000000  ...   0  0.000000  0.000000   0   0   0  0.000000
16  0.000000  0.000000   0  0.000000  0.00000  0.000000  0.000000  ...   0  0.000000  0.000000   0   0   0  0.000000
17  0.000000  0.000000   0  0.000000  0.00000  0.000000  0.000000  ...   0  0.000000  0.000000   0   0   0  0.000000
18  0.000000  0.000000   0  0.000000  0.00000  0.000000  0.000000  ...   0  0.000000  0.000000   0   0   0  0.000000
19  0.000000  0.000000   0  0.000000  0.00000  0.000000  0.000000  ...   0  0.000000  0.000000   0   0   0  0.000000
20  0.000000  0.000000   0  0.000000  0.00000  0.000000  0.000000  ...   0  0.000000  0.000000   0   0   0  0.000000
21  0.000000  0.000000   0  0.000000  0.00000  0.000000  0.000000  ...   0  0.000000  0.000000   0   0   0  0.000000
22  0.000000  0.000000   0  0.845360  0.00000  0.000000  0.000000  ...   0  0.000000  0.000000   0   0   0  0.000000
23  0.000000  0.000000   0  0.907062  0.00000  0.000000  0.000000  ...   0  0.000000  0.000000   0   0   0  0.000000
24  0.000000  0.000000   0  0.000000  0.00000  0.000000  0.000000  ...   0  0.000000  0.000000   0   0   0  0.000000
25  0.000000  0.000000   0  0.170064  0.00000  0.000000  0.000000  ...   0  0.000000  0.000000   0   0   0  0.000000
26  0.000000  0.000000   0  0.000000  0.00000  0.000000  0.000000  ...   0  0.000000  0.000000   0   0   0  0.000000
27  0.000000  0.993740   0  0.000000  0.00000  0.000000  0.000000  ...   0  0.000000  0.000000   0   0   0  0.000000
28  0.000000  0.994219   0  0.000000  0.00000  0.000000  0.000000  ...   0  0.000000  0.000000   0   0   0  0.000000
29  0.000000  0.177115   0  0.000000  0.00000  0.000000  0.250159  ...   0  0.000000  0.000000   0   0   0  0.000000
30  0.000000  0.000000   0  0.174304  0.00000  0.000000  0.000000  ...   0  0.000000  0.000000   0   0   0  0.000000
31  0.000000  0.000000   0  0.000000  0.00000  0.000000  0.000000  ...   0  0.000000  0.000000   0   0   0  0.989200
32  0.000000  0.041157   0  0.416931  0.00000  0.164661  0.000000  ...   0  0.000000  0.000000   0   0   0  0.000000
33  0.000000  0.000000   0  0.000000  0.00000  0.000000  0.000000  ...   0  0.000000  0.000000   0   0   0  0.000000
34  0.000000  0.000000   0  0.516766  0.00000  0.000000  0.000000  ...   0  0.000000  0.000000   0   0   0  0.000000
35  0.000000  0.000000   0  0.000000  0.00000  0.000000  0.000000  ...   0  0.000000  0.000000   0   0   0  0.000000
36  0.000000  0.000000   0  0.000000  0.00000  0.000000  0.000000  ...   0  0.000000  0.000000   0   0   0  0.000000
37  0.000000  0.000000   0  0.189077  0.00000  0.000000  0.000000  ...   0  0.000000  0.000000   0   0   0  0.017866
38  0.000000  0.000000   0  0.000000  0.00000  0.000000  0.000000  ...   0  0.000000  0.000000   0   0   0  0.000000
39  0.000000  0.000000   0  0.000000  0.00000  0.000000  0.000000  ...   0  0.000000  0.000000   0   0   0  0.000000
40  0.000000  0.000000   0  0.000000  0.00000  0.000000  0.000000  ...   0  0.000000  0.000000   0   0   0  0.000000
41  0.000000  0.000000   0  0.000000  0.86944  0.000000  0.000000  ...   0  0.000000  0.000000   0   0   0  0.000000
42  0.000000  0.028972   0  0.000000  0.00000  0.000000  0.000000  ...   0  0.000000  0.000000   0   0   0  0.000000
43  0.000000  0.000000   0  0.997499  0.00000  0.000000  0.000000  ...   0  0.000000  0.000000   0   0   0  0.000000
44  0.000000  0.000000   0  0.993029  0.00000  0.000000  0.000000  ...   0  0.000000  0.000000   0   0   0  0.000000
45  0.000000  0.000000   0  0.000000  0.00000  0.000000  0.000000  ...   0  0.000000  0.000000   0   0   0  0.000000
46  0.000000  0.000000   0  0.000000  0.00000  0.000000  0.000000  ...   0  0.000000  0.000000   0   0   0  0.000000
47  0.000000  0.000000   0  0.000000  0.00000  0.000000  0.000000  ...   0  0.000000  0.000000   0   0   0  0.000000
48  0.994416  0.000000   0  0.000000  0.00000  0.000000  0.000000  ...   0  0.000000  0.000000   0   0   0  0.000000
49  0.000000  0.000000   0  0.000000  0.00000  0.000000  0.000000  ...   0  0.000000  0.000000   0   0   0  0.000000
50  0.000000  0.000000   0  0.000000  0.00000  0.000000  0.000000  ...   0  0.000000  0.000000   0   0   0  0.000000
51  0.000000  0.000000   0  0.766393  0.00000  0.000000  0.000000  ...   0  0.000000  0.000000   0   0   0  0.000000
52  0.000000  0.000000   0  0.000000  0.00000  0.000000  0.000000  ...   0  0.000000  0.000000   0   0   0  0.000000
53  0.000000  0.000000   0  0.000000  0.00000  0.000000  0.000000  ...   0  0.000000  0.000000   0   0   0  0.000000
54  0.000000  0.000000   0  0.000000  0.00000  0.000000  0.000000  ...   0  0.000000  0.000000   0   0   0  0.000000
55  0.000000  0.000000   0  0.000000  0.00000  0.000000  0.000000  ...   0  0.000000  0.000000   0   0   0  0.000000
56  0.000000  0.000000   0  0.000000  0.00000  0.000000  0.000000  ...   0  0.986537  0.000000   0   0   0  0.000000
57  0.000000  0.000000   0  0.000000  0.00000  0.000000  0.000000  ...   0  0.000000  0.000000   0   0   0  0.000000

[58 rows x 58 columns]Gap found between segments 1 and 2
Gap found between segments 2 and 3
Gap found between segments 3 and 4
Gap found between segments 4 and 5
Gap found between segments 5 and 6
Gap found between segments 6 and 7
Gap found between segments 7 and 8
Gap found between segments 8 and 9
Gap found between segments 9 and 10
Gap found between segments 10 and 11
Gap found between segments 11 and 12
Gap found between segments 13 and 14
Gap found between segments 14 and 15
Gap found between segments 15 and 16
Gap found between segments 16 and 17
Gap found between segments 17 and 18
Gap found between segments 18 and 19
Gap found between segments 19 and 20
Gap found between segments 20 and 21
Gap found between segments 21 and 22
Gap found between segments 22 and 23
Gap found between segments 24 and 25
Gap found between segments 25 and 26
Gap found between segments 26 and 27
Gap found between segments 27 and 28
Gap found between segments 31 and 32
Gap found between segments 32 and 33
Gap found between segments 35 and 36
Gap found between segments 36 and 37
Gap found between segments 37 and 38
Gap found between segments 38 and 39
Gap found between segments 39 and 40
Gap found between segments 40 and 41
Gap found between segments 41 and 42
Gap found between segments 42 and 43
Gap found between segments 43 and 44
Gap found between segments 45 and 46
Gap found between segments 46 and 47
Gap found between segments 48 and 49
Gap found between segments 49 and 50
Gap found between segments 50 and 51
Gap found between segments 51 and 52
Gap found between segments 53 and 54
Gap found between segments 55 and 56
Gap found between segments 56 and 57
Gap found between segments 57 and 58
Total 46 Knowledge-gaps found!
